[cam_0]
name = "Camera_001_synchronized"
size = [ 1280, 720,]
matrix = [ [ 949.8345092605095, 0.0, 639.5,], [ 0.0, 949.8345092605095, 359.5,], [ 0.0, 0.0, 1.0,],]
distortions = [ -0.001541955419629545, 0.0, 0.0, 0.0, 0.0,]
rotation = [ -0.0007467167945831289, 0.0002908617177375814, -0.0017081637675685048,]
translation = [ 0.0, 0.0, 0.0,]

[cam_1]
name = "Camera_000_synchronized"
size = [ 960, 540,]
matrix = [ [ 583.288077997755, 0.0, 479.5,], [ 0.0, 583.288077997755, 269.5,], [ 0.0, 0.0, 1.0,],]
distortions = [ -0.0024186643757389543, 0.0, 0.0, 0.0, 0.0,]
rotation = [ -0.216071691229537, 0.7554646468015335, -0.2119923256400279,]
translation = [ -443.96623265514995, -71.39433189118624, 232.3511610671022,]

[metadata]
charuco_square_size = 39.43
charuco_board_object = "CharucoBoardDefinition(aruco_marker_dict=< cv2.aruco.Dictionary 0x341161fb0>, number_of_squares_width=7, number_of_squares_height=5, black_square_side_length=1, aruco_marker_length_proportional=0.8)"
path_to_recorded_videos = "/Users/lundeencahilly/freemocap_data/recording_sessions/session_2025-02-02_23_17_55/recording_13_46_05_gmt-8_calibration/synchronized_videos"
date_time_calibrated = "2025-02-03T21:47:44"
