[cam_0]
name = "Camera_001_synchronized"
size = [ 1280, 720,]
matrix = [ [ 944.4139326439476, 0.0, 639.5,], [ 0.0, 944.4139326439476, 359.5,], [ 0.0, 0.0, 1.0,],]
distortions = [ 0.023676698978632997, 0.0, 0.0, 0.0, 0.0,]
rotation = [ 0.0004575458876704142, -0.00014888084176407706, 0.00043369355826035637,]
translation = [ 0.0, 0.0, 0.0,]

[cam_1]
name = "Camera_000_synchronized"
size = [ 960, 540,]
matrix = [ [ 596.7353780390788, 0.0, 479.5,], [ 0.0, 596.7353780390788, 269.5,], [ 0.0, 0.0, 1.0,],]
distortions = [ 0.038596792599508774, 0.0, 0.0, 0.0, 0.0,]
rotation = [ -0.22247818049739052, 0.767918641474958, -0.20946911189893075,]
translation = [ -443.5908968815957, -72.39740607101287, 249.95369818781083,]

[metadata]
charuco_square_size = 39.43
charuco_board_object = "CharucoBoardDefinition(aruco_marker_dict=< cv2.aruco.Dictionary 0x3486edfb0>, number_of_squares_width=7, number_of_squares_height=5, black_square_side_length=1, aruco_marker_length_proportional=0.8)"
path_to_recorded_videos = "/Users/lundeencahilly/freemocap_data/recording_sessions/session_2025-02-03_14_13_24/recording_14_26_32_gmt-8_calibration/synchronized_videos"
date_time_calibrated = "2025-02-03T22:28:23"
