[cam_0]
name = "Camera_001_synchronized"
size = [ 960, 540,]
matrix = [ [ 600.0897213939016, 0.0, 479.5,], [ 0.0, 600.0897213939016, 269.5,], [ 0.0, 0.0, 1.0,],]
distortions = [ 0.018316305360598945, 0.0, 0.0, 0.0, 0.0,]
rotation = [ 0.0014910508189515457, -0.002232223381002611, 0.0013524788858936096,]
translation = [ 0.0, 0.0, 0.0,]

[cam_1]
name = "Camera_000_synchronized"
size = [ 960, 540,]
matrix = [ [ 595.359586705114, 0.0, 479.5,], [ 0.0, 595.359586705114, 269.5,], [ 0.0, 0.0, 1.0,],]
distortions = [ 0.04814473758441646, 0.0, 0.0, 0.0, 0.0,]
rotation = [ -0.028459044161826094, 1.2558295263243424, -0.20475294311638176,]
translation = [ -592.6680172822016, 68.86697788562978, 405.1007309916756,]

[metadata]
charuco_square_size = 39.4
charuco_board_object = "CharucoBoardDefinition(aruco_marker_dict=< cv2.aruco.Dictionary 0x33aeedfb0>, number_of_squares_width=7, number_of_squares_height=5, black_square_side_length=1, aruco_marker_length_proportional=0.8)"
path_to_recorded_videos = "/Users/lundeencahilly/freemocap_data/recording_sessions/session_2025-02-03_17_09_02/recording_17_10_01_gmt-8_calibration/synchronized_videos"
date_time_calibrated = "2025-02-04T01:12:01"
