[cam_0]
name = "Camera_001_synchronized"
size = [ 1280, 720,]
matrix = [ [ 920.8177102571253, 0.0, 639.5,], [ 0.0, 920.8177102571253, 359.5,], [ 0.0, 0.0, 1.0,],]
distortions = [ 0.05059599399709947, 0.0, 0.0, 0.0, 0.0,]
rotation = [ 0.0017754276070326795, -0.0012243608326613466, 0.0009422406942481634,]
translation = [ 0.0, 0.0, 0.0,]

[cam_1]
name = "Camera_000_synchronized"
size = [ 960, 540,]
matrix = [ [ 573.975880303925, 0.0, 479.5,], [ 0.0, 573.975880303925, 269.5,], [ 0.0, 0.0, 1.0,],]
distortions = [ 0.02029556661833024, 0.0, 0.0, 0.0, 0.0,]
rotation = [ -0.215446232293629, 0.59851494245858, -0.16676572982165175,]
translation = [ -471.2390513920579, -102.3104993788103, 163.05003207486095,]

[metadata]
charuco_square_size = 39.43
charuco_board_object = "CharucoBoardDefinition(aruco_marker_dict=< cv2.aruco.Dictionary 0x3486edfb0>, number_of_squares_width=7, number_of_squares_height=5, black_square_side_length=1, aruco_marker_length_proportional=0.8)"
path_to_recorded_videos = "/Users/lundeencahilly/freemocap_data/recording_sessions/session_2025-02-03_14_13_24/recording_14_41_44_gmt-8_calibration/synchronized_videos"
date_time_calibrated = "2025-02-03T22:43:23"
