[cam_0]
name = "Camera_001_synchronized"
size = [ 1280, 720,]
matrix = [ [ 1022.1858689800946, 0.0, 639.5,], [ 0.0, 1022.1858689800946, 359.5,], [ 0.0, 0.0, 1.0,],]
distortions = [ 0.02872779678089539, 0.0, 0.0, 0.0, 0.0,]
rotation = [ 0.001357806841855327, 0.0021523172106552527, -0.0005852820732527967,]
translation = [ 0.0, 0.0, 0.0,]

[cam_1]
name = "Camera_000_synchronized"
size = [ 960, 540,]
matrix = [ [ 631.1929409133425, 0.0, 479.5,], [ 0.0, 631.1929409133425, 269.5,], [ 0.0, 0.0, 1.0,],]
distortions = [ -0.010168649212965699, 0.0, 0.0, 0.0, 0.0,]
rotation = [ 0.05918691390221058, -0.007461118070395989, -0.005259462645421491,]
translation = [ -135.80916569157466, 24.788230299000727, 2.501297415997815,]

[metadata]
charuco_square_size = 39.4
charuco_board_object = "CharucoBoardDefinition(aruco_marker_dict=< cv2.aruco.Dictionary 0x330bedfb0>, number_of_squares_width=7, number_of_squares_height=5, black_square_side_length=1, aruco_marker_length_proportional=0.8)"
path_to_recorded_videos = "/Users/lundeencahilly/freemocap_data/recording_sessions/session_2025-02-06_10_48_47/recording_10_53_51_gmt-8_calibration/synchronized_videos"
date_time_calibrated = "2025-02-06T18:55:09"
