[cam_0]
name = "Camera_001_synchronized"
size = [ 1280, 720,]
matrix = [ [ 909.2156577425325, 0.0, 639.5,], [ 0.0, 909.2156577425325, 359.5,], [ 0.0, 0.0, 1.0,],]
distortions = [ 0.005247978828186893, 0.0, 0.0, 0.0, 0.0,]
rotation = [ -0.0038706162699512704, -0.002578511607595954, 0.004203316402893963,]
translation = [ 0.0, 0.0, 0.0,]

[cam_1]
name = "Camera_000_synchronized"
size = [ 960, 540,]
matrix = [ [ 548.7690598167052, 0.0, 479.5,], [ 0.0, 548.7690598167052, 269.5,], [ 0.0, 0.0, 1.0,],]
distortions = [ -0.000991017783374761, 0.0, 0.0, 0.0, 0.0,]
rotation = [ -0.10109040295912002, -0.9443478976435735, 0.3324384416045566,]
translation = [ 572.9742969139004, -42.700301577117855, 275.6114702281427,]

[metadata]
charuco_square_size = 39.4
charuco_board_object = "CharucoBoardDefinition(aruco_marker_dict=< cv2.aruco.Dictionary 0x3133edfb0>, number_of_squares_width=7, number_of_squares_height=5, black_square_side_length=1, aruco_marker_length_proportional=0.8)"
path_to_recorded_videos = "/Users/lundeencahilly/freemocap_data/recording_sessions/session_2025-02-10_13_37_21/recording_13_48_10_gmt-8_calibration/synchronized_videos"
date_time_calibrated = "2025-02-10T21:49:42"
